-5.676839128136634827e-02
-1.242564432322978973e-02
1.808622181415557861e-01
0.000000000000000000e+00
4.390116408467292786e-02
-3.188876062631607056e-02
-2.355729416012763977e-02
-1.345738768577575684e-02
0.000000000000000000e+00
5.288901552557945251e-02
2.111460827291011810e-02
-8.160533756017684937e-02
-5.553409457206726074e-02
-1.099370792508125305e-01
3.894688561558723450e-02
3.218066692352294922e-02
0.000000000000000000e+00
5.602126941084861755e-02
-3.070785664021968842e-03
0.000000000000000000e+00
-8.800711482763290405e-03
0.000000000000000000e+00
7.234611362218856812e-02
0.000000000000000000e+00
-5.643679201602935791e-02
-1.481038797646760941e-02
1.922848820686340332e-02
0.000000000000000000e+00
1.060099992901086807e-02
-4.274187237024307251e-02
-8.050935715436935425e-02
-2.398043870925903320e-02
-6.447657942771911621e-02
7.133416831493377686e-02
-3.443214576691389084e-03
2.871097624301910400e-02
0.000000000000000000e+00
-4.343734588474035263e-03
-1.059028878808021545e-02
4.103403910994529724e-02
-4.469409119337797165e-03
-1.721573621034622192e-02
-1.664587110280990601e-02
0.000000000000000000e+00
0.000000000000000000e+00
1.763713732361793518e-02
6.819927692413330078e-02
5.330282077193260193e-02
-3.893369063735008240e-02
-3.937441483139991760e-02
7.035478483885526657e-03
-1.158898789435625076e-02
-7.094462960958480835e-02
-3.851540386676788330e-03
-1.967840828001499176e-02
-1.955526880919933319e-02
-1.617743223905563354e-01
3.061290271580219269e-02
0.000000000000000000e+00
1.635674946010112762e-02
-1.417180523276329041e-02
-4.952231049537658691e-02
-2.430971860885620117e-01
0.000000000000000000e+00
0.000000000000000000e+00
-1.658423990011215210e-02
-9.613771736621856689e-02
-5.696722771972417831e-03
4.671335592865943909e-02
2.533793635666370392e-02
-1.758781373500823975e-01
-1.305638719350099564e-02
9.677981957793235779e-03
-1.048764493316411972e-02
4.161909595131874084e-02
8.829385973513126373e-03
0.000000000000000000e+00
1.040471252053976059e-02
-2.075713500380516052e-02
5.591565370559692383e-02
-4.726536199450492859e-02
-4.873767495155334473e-02
7.880744338035583496e-02
3.453426063060760498e-02
-3.835429251194000244e-02
-5.981212854385375977e-02
4.905317723751068115e-02
2.236698567867279053e-02
-2.354226075112819672e-02
-1.804081909358501434e-02
0.000000000000000000e+00
-1.688985973596572876e-01
3.714769706130027771e-02
2.080204896628856659e-02
-1.900382488965988159e-01
-3.583868965506553650e-02
0.000000000000000000e+00
0.000000000000000000e+00
2.311626635491847992e-02
0.000000000000000000e+00
-3.972516581416130066e-02
-1.106194034218788147e-02
-3.092396259307861328e-02
-3.282364830374717712e-02
-9.717070311307907104e-02
-1.536355266580358148e-04
-3.968501091003417969e-02
3.653394524008035660e-03
-8.328080875799059868e-04
-6.367786787450313568e-03
-5.045669525861740112e-02
-8.287935703992843628e-02
1.737958937883377075e-02
1.363349519670009613e-02
0.000000000000000000e+00
-7.351752370595932007e-03
-5.808922462165355682e-03
0.000000000000000000e+00
-3.305570408701896667e-02
2.492373809218406677e-02
9.127193130552768707e-03
-1.570945256389677525e-03
2.369083464145660400e-01
-3.576425462961196899e-02
-2.915742574259638786e-03
-1.180725246667861938e-01
0.000000000000000000e+00
0.000000000000000000e+00
1.570091955363750458e-02
3.829536959528923035e-03
4.335556551814079285e-02
0.000000000000000000e+00
0.000000000000000000e+00
-1.491049677133560181e-02
7.074183970689773560e-02
-1.147964317351579666e-02
-7.879877090454101562e-02
1.327542122453451157e-02
0.000000000000000000e+00
0.000000000000000000e+00
0.000000000000000000e+00
-2.947193104773759842e-03
7.449816446751356125e-03
-1.739256829023361206e-02
0.000000000000000000e+00
-2.606678754091262817e-02
0.000000000000000000e+00
0.000000000000000000e+00
-1.262184046208858490e-02
-1.574733853340148926e-02
-5.288299545645713806e-02
-3.650567680597305298e-02
0.000000000000000000e+00
-5.451393313705921173e-03
2.618326060473918915e-02
0.000000000000000000e+00
2.162837982177734375e-02
1.378688961267471313e-02
3.665309771895408630e-02
0.000000000000000000e+00
-1.965515781193971634e-03
1.318577025085687637e-02
0.000000000000000000e+00
4.850148409605026245e-02
-1.345317531377077103e-02
3.117877244949340820e-02
-1.299618650227785110e-02
4.343762621283531189e-02
-4.322821274399757385e-03
0.000000000000000000e+00
0.000000000000000000e+00
6.463960558176040649e-02
1.587399654090404510e-02
0.000000000000000000e+00
1.409966498613357544e-01
-5.287691950798034668e-02
5.103689059615135193e-02
0.000000000000000000e+00
-3.730867803096771240e-02
1.807562261819839478e-02
0.000000000000000000e+00
0.000000000000000000e+00
3.688439354300498962e-02
3.859949856996536255e-02
3.025359101593494415e-02
-3.389292687643319368e-04
8.458469063043594360e-03
5.104842409491539001e-02
-8.380747586488723755e-02
-4.887369647622108459e-02
0.000000000000000000e+00
-4.072666168212890625e-02
0.000000000000000000e+00
6.115424633026123047e-02
0.000000000000000000e+00
0.000000000000000000e+00
1.089624874293804169e-02
4.188548773527145386e-03
-5.028346553444862366e-02
0.000000000000000000e+00
4.384926706552505493e-02
-1.852473616600036621e-02
-9.482584893703460693e-02
-2.202867530286312103e-02
-4.178031347692012787e-03
5.988816544413566589e-02
-2.264169044792652130e-02
0.000000000000000000e+00
-1.392784249037504196e-02
4.134409874677658081e-02
-3.136369585990905762e-02
0.000000000000000000e+00
4.949716106057167053e-02
0.000000000000000000e+00
0.000000000000000000e+00
1.649648137390613556e-02
0.000000000000000000e+00
0.000000000000000000e+00
0.000000000000000000e+00
7.222607731819152832e-02
-2.695066109299659729e-02
0.000000000000000000e+00
1.554774306714534760e-02
-6.440934538841247559e-02
1.925518736243247986e-02
5.240704491734504700e-02
-5.100517719984054565e-02
4.436999093741178513e-03
-2.140647359192371368e-02
0.000000000000000000e+00
-1.557291718199849129e-03
0.000000000000000000e+00
3.104746714234352112e-02
3.839417127892374992e-03
-7.805644068866968155e-03
7.530339807271957397e-02
-8.576232194900512695e-02
8.712308481335639954e-03
0.000000000000000000e+00
-4.669005051255226135e-03
0.000000000000000000e+00
0.000000000000000000e+00
5.627163127064704895e-02
-2.167904004454612732e-02
0.000000000000000000e+00
3.289323300123214722e-02
-2.265965193510055542e-01
-1.945640076883137226e-03
6.398151069879531860e-02
0.000000000000000000e+00
-1.971828937530517578e-02
3.582608327269554138e-02
-4.850919544696807861e-02
-5.045170336961746216e-02
1.617416553199291229e-02
1.735846325755119324e-02
-1.159718260169029236e-02
-1.986956223845481873e-03
0.000000000000000000e+00
-8.474272489547729492e-02
-1.096725314855575562e-01
-4.355558380484580994e-02
2.372928429394960403e-03
0.000000000000000000e+00
0.000000000000000000e+00
-1.159127205610275269e-01
-1.493733972311019897e-01
-1.916643232107162476e-01
0.000000000000000000e+00
-4.800037294626235962e-02
1.268965774215757847e-03
1.515785008668899536e-01
6.238269153982400894e-03
6.366268265992403030e-03
-4.995937459170818329e-03
-2.990973293781280518e-01
0.000000000000000000e+00
-4.251245036721229553e-02
0.000000000000000000e+00
-1.610249467194080353e-02
0.000000000000000000e+00
-5.073053017258644104e-02
-7.659798115491867065e-02
0.000000000000000000e+00
2.024609036743640900e-02
9.148089215159416199e-03
0.000000000000000000e+00
5.312348902225494385e-02
6.227440387010574341e-02
-2.648509666323661804e-02
2.838235534727573395e-02
0.000000000000000000e+00
7.089011371135711670e-02
0.000000000000000000e+00
0.000000000000000000e+00
-8.272897452116012573e-02
-2.464837022125720978e-02
6.978235207498073578e-03
-1.174075156450271606e-02
-3.870732709765434265e-02
-6.221038475632667542e-02
0.000000000000000000e+00
-6.686473730951547623e-03
-7.110267877578735352e-02
0.000000000000000000e+00
-2.019076608121395111e-02
0.000000000000000000e+00
0.000000000000000000e+00
-4.246468469500541687e-02
7.356709241867065430e-02
1.232542563229799271e-02
0.000000000000000000e+00
0.000000000000000000e+00
0.000000000000000000e+00
0.000000000000000000e+00
-3.420337289571762085e-02
-1.400574743747711182e-01
3.223414346575737000e-02
4.187778010964393616e-02
-6.978286802768707275e-02
-4.308909922838211060e-02
2.429596148431301117e-02
8.046676963567733765e-02
-2.390251960605382919e-03
-8.616583794355392456e-02
-9.634713642299175262e-03
6.579213310033082962e-03
-5.549978092312812805e-02
2.328629940748214722e-01
-4.977529868483543396e-02
0.000000000000000000e+00
-1.239778473973274231e-01
1.805814914405345917e-02
0.000000000000000000e+00
3.874255344271659851e-02
5.215582624077796936e-02
0.000000000000000000e+00
0.000000000000000000e+00
0.000000000000000000e+00
3.338927635923027992e-03
-1.560404896736145020e-01
9.684408083558082581e-03
0.000000000000000000e+00
-9.168916195631027222e-02
-1.675873063504695892e-02
-1.198976580053567886e-02
7.450132165104150772e-03
-1.326525807380676270e-01
-8.270417898893356323e-02
-3.608472878113389015e-03
-1.414242945611476898e-02
0.000000000000000000e+00
8.538453839719295502e-03
-1.496499478816986084e-01
-1.591917127370834351e-02
0.000000000000000000e+00
-3.152666985988616943e-02
1.010750904679298401e-01
-4.002746194601058960e-02
0.000000000000000000e+00
0.000000000000000000e+00
-1.349766971543431282e-03
-3.419791162014007568e-02
1.027692807838320732e-03
-4.814993124455213547e-03
2.402623370289802551e-02
1.215985715389251709e-01
2.363583631813526154e-02
-9.031001478433609009e-02
9.970281273126602173e-03
0.000000000000000000e+00
-3.895075293257832527e-03
-6.801061797887086868e-03
-1.018193829804658890e-02
-4.304732382297515869e-02
-1.209711004048585892e-02
-2.709472179412841797e-02
-3.925991430878639221e-02
1.495782285928726196e-01
-2.566358633339405060e-02
1.322033815085887909e-02
0.000000000000000000e+00
-2.095636352896690369e-02
-3.634569346904754639e-01
2.341413684189319611e-02
0.000000000000000000e+00
-1.521870726719498634e-03
-8.532579988241195679e-03
-6.012614350765943527e-03
0.000000000000000000e+00
0.000000000000000000e+00
1.268166862428188324e-02
0.000000000000000000e+00
0.000000000000000000e+00
-9.129290282726287842e-02
-6.246064789593219757e-03
8.226479403674602509e-03
-1.454818621277809143e-02
0.000000000000000000e+00
2.856917120516300201e-02
0.000000000000000000e+00
-3.136366605758666992e-02
1.031793002039194107e-02
-1.192291267216205597e-02
2.454276010394096375e-02
-6.118560675531625748e-03
0.000000000000000000e+00
0.000000000000000000e+00
0.000000000000000000e+00
0.000000000000000000e+00
-6.915282923728227615e-03
-3.182094544172286987e-02
1.118784421123564243e-03
-3.592201694846153259e-02
-2.999033220112323761e-02
2.844237908720970154e-02
3.359430283308029175e-02
-6.934563815593719482e-02
0.000000000000000000e+00
-4.215279966592788696e-02
-8.121625287458300591e-04
-3.440512344241142273e-02
3.167948871850967407e-02
9.021041542291641235e-02
2.560654096305370331e-02
4.077276214957237244e-02
0.000000000000000000e+00
7.817151397466659546e-02
-4.542983602732419968e-03
-4.343267530202865601e-02
8.998942561447620392e-03
-1.635605469346046448e-02
-1.693627797067165375e-02
-2.273127995431423187e-02
-1.041305512189865112e-01
-9.829525835812091827e-03
0.000000000000000000e+00
-2.609705086797475815e-03
-4.090700298547744751e-02
1.591953448951244354e-02
0.000000000000000000e+00
-2.763609960675239563e-02
-5.752894282341003418e-02
6.753718107938766479e-02
-2.015811949968338013e-02
0.000000000000000000e+00
7.079025264829397202e-03
0.000000000000000000e+00
2.225383184850215912e-02
-5.289397668093442917e-03
0.000000000000000000e+00
4.899112507700920105e-02
-1.575448811054229736e-01
-7.680294569581747055e-03
3.077013790607452393e-02
2.457429654896259308e-02
-4.791256412863731384e-02
0.000000000000000000e+00
-3.045385517179965973e-02
6.730909645557403564e-02
0.000000000000000000e+00
0.000000000000000000e+00
2.166413515806198120e-02
0.000000000000000000e+00
9.172533638775348663e-03
-3.554635215550661087e-03
-3.646804764866828918e-02
-1.933421567082405090e-02
-2.652518637478351593e-02
7.216234691441059113e-03
3.289222344756126404e-02
0.000000000000000000e+00
0.000000000000000000e+00
1.762048341333866119e-02
-1.846014112234115601e-01
0.000000000000000000e+00
-6.747626513242721558e-02
-3.035965003073215485e-02
-5.348354950547218323e-02
4.742067679762840271e-02
0.000000000000000000e+00
-3.182478249073028564e-03
-5.025596544146537781e-02
-7.959236204624176025e-02
-9.333852678537368774e-02
1.848668791353702545e-02
0.000000000000000000e+00
8.604545146226882935e-03
-1.072749402374029160e-02
-4.916781559586524963e-02
-2.689857780933380127e-02
0.000000000000000000e+00
3.967733308672904968e-02
-4.507733881473541260e-02
-2.733841165900230408e-02
0.000000000000000000e+00
-1.521315984427928925e-02
-9.944611229002475739e-03
1.978960447013378143e-02
-6.151358038187026978e-02
1.810277998447418213e-02
3.911133855581283569e-03
-2.260725945234298706e-02
-3.102558478713035583e-02
8.379854261875152588e-02
-3.646246343851089478e-02
-2.538493368774652481e-03
-9.401650726795196533e-02
0.000000000000000000e+00
-9.220522642135620117e-02
-3.280005231499671936e-02
0.000000000000000000e+00
-3.177372366189956665e-02
0.000000000000000000e+00
-8.383344858884811401e-02
4.145525395870208740e-02
0.000000000000000000e+00
4.846886545419692993e-02
0.000000000000000000e+00
-9.625519812107086182e-02
9.705307456897571683e-05
2.899783104658126831e-02
0.000000000000000000e+00
3.055069223046302795e-02
7.215920835733413696e-02
1.192770805209875107e-02
0.000000000000000000e+00
-4.185059666633605957e-02
0.000000000000000000e+00
4.849961027503013611e-02
0.000000000000000000e+00
-5.063511198386549950e-04
-2.353108115494251251e-02
-1.840586774051189423e-02
0.000000000000000000e+00
-6.062941998243331909e-02
7.565042376518249512e-02
1.242245454341173172e-02
0.000000000000000000e+00
0.000000000000000000e+00
6.189501727931201458e-04
0.000000000000000000e+00
-3.780283033847808838e-03
-8.199059218168258667e-02
-1.287720203399658203e-01
-2.574437670409679413e-02
-7.408299949020147324e-03
6.489076465368270874e-02
-1.719664633274078369e-01
2.347145788371562958e-02
1.124900067225098610e-03
-3.190583363175392151e-02
-6.965410709381103516e-02
-5.070427805185317993e-02
-1.939980313181877136e-02
-2.872990258038043976e-02
-3.239872679114341736e-02
6.731598079204559326e-02
-1.256486028432846069e-02
-2.203906327486038208e-02
5.602160841226577759e-02
-5.277978722006082535e-03
0.000000000000000000e+00
1.117943320423364639e-02
-3.511063382029533386e-02
4.146025050431489944e-03
1.214410644024610519e-02
-1.521530896425247192e-01
0.000000000000000000e+00
0.000000000000000000e+00
4.265511408448219299e-02
0.000000000000000000e+00
8.775681257247924805e-02
7.356686890125274658e-02
0.000000000000000000e+00
-2.588466554880142212e-02
-3.074928419664502144e-03
2.282919548451900482e-02
-9.886993793770670891e-04
-4.615449905395507812e-02
0.000000000000000000e+00
2.116286754608154297e-02
-1.953571476042270660e-02
0.000000000000000000e+00
-2.762629464268684387e-02
0.000000000000000000e+00
0.000000000000000000e+00
0.000000000000000000e+00
0.000000000000000000e+00
0.000000000000000000e+00
-2.584113366901874542e-02
-6.557922810316085815e-03
-8.235454559326171875e-03
-4.252842813730239868e-02
0.000000000000000000e+00
-8.894072473049163818e-02
-3.506335243582725525e-02
-9.742786642163991928e-04
0.000000000000000000e+00
1.275602728128433228e-02
1.404994167387485504e-02
-5.997398402541875839e-03
-1.027139648795127869e-01
0.000000000000000000e+00
-1.783382496796548367e-03
-3.310740366578102112e-02
3.162396699190139771e-02
-2.938261255621910095e-02
0.000000000000000000e+00
2.329163439571857452e-02
-2.277719788253307343e-02
-3.806823119521141052e-02
-3.984946291893720627e-03
6.093227304518222809e-03
-3.479432687163352966e-02
-5.572146922349929810e-02
-1.148440130054950714e-02
7.597536314278841019e-03
0.000000000000000000e+00
0.000000000000000000e+00
5.163758248090744019e-02
0.000000000000000000e+00
8.587338030338287354e-03
-4.836283624172210693e-02
1.975234225392341614e-02
-1.782044954597949982e-02
0.000000000000000000e+00
-2.200714498758316040e-02
-5.988394841551780701e-03
-2.892941609025001526e-02
4.978765174746513367e-02
0.000000000000000000e+00
-4.819789528846740723e-02
2.407774887979030609e-02
1.009844150394201279e-02
1.684777811169624329e-02
0.000000000000000000e+00
-6.185552105307579041e-03
4.058882966637611389e-02
1.469066366553306580e-02
-6.582514848560094833e-03
-1.959023624658584595e-02
3.106435993686318398e-03
-2.804651740007102489e-04
-8.428639173507690430e-02
-2.198726497590541840e-02
-1.339945476502180099e-02
-3.457799553871154785e-03
0.000000000000000000e+00
-3.256677463650703430e-02
4.764032736420631409e-02
-1.271450892090797424e-02
-2.208075821399688721e-01
-2.170787937939167023e-02
0.000000000000000000e+00
0.000000000000000000e+00
0.000000000000000000e+00
-1.417036913335323334e-02
2.242305502295494080e-02
2.637462131679058075e-02
-2.093026973307132721e-02
4.112142696976661682e-02
0.000000000000000000e+00
1.005225814878940582e-02
-1.048410590738058090e-02
-1.617561094462871552e-02
6.411515176296234131e-02
-1.416154950857162476e-01
-1.722729951143264771e-02
-1.827945467084646225e-03
6.939486414194107056e-02
6.808477640151977539e-02
-1.236381903290748596e-01
0.000000000000000000e+00
-2.286415547132492065e-03
0.000000000000000000e+00
-5.199576262384653091e-03
-1.800468889996409416e-03
-2.023173496127128601e-02
-9.535096585750579834e-03
1.965241739526391029e-03
-1.195372119545936584e-01
0.000000000000000000e+00
-7.346436032094061375e-04
-1.325464546680450439e-01
-1.631967723369598389e-02
3.908309340476989746e-02
-6.147694215178489685e-02
1.468222588300704956e-02
1.884458400309085846e-02
3.720492124557495117e-02
0.000000000000000000e+00
0.000000000000000000e+00
6.193937268108129501e-03
0.000000000000000000e+00
0.000000000000000000e+00
0.000000000000000000e+00
0.000000000000000000e+00
1.489772740751504898e-02
-6.114881113171577454e-02
1.173335239291191101e-01
1.546489261090755463e-02
0.000000000000000000e+00
-6.021193787455558777e-02
5.207923706620931625e-03
-4.567758366465568542e-02
-9.108939766883850098e-02
-4.056163132190704346e-02
0.000000000000000000e+00
-3.722056280821561813e-03
-4.319719970226287842e-02
-3.490135306492447853e-03
-7.820729911327362061e-02
0.000000000000000000e+00
6.332304328680038452e-03
1.030525658279657364e-02
0.000000000000000000e+00
0.000000000000000000e+00
-1.935990899801254272e-02
0.000000000000000000e+00
0.000000000000000000e+00
1.759145781397819519e-02
3.174157347530126572e-03
-6.314034014940261841e-02
1.553079765290021896e-02
-2.050651051104068756e-02
8.079773932695388794e-02
0.000000000000000000e+00
3.472061455249786377e-02
-5.798354372382164001e-02
0.000000000000000000e+00
9.642677754163742065e-02
-2.985328994691371918e-02
-1.193444058299064636e-02
-8.449473232030868530e-02
-8.147948235273361206e-02
-9.707174450159072876e-02
4.264470189809799194e-02
0.000000000000000000e+00
6.057687476277351379e-02
-8.318236470222473145e-02
-2.025066316127777100e-02
7.842318713665008545e-02
-2.643699012696743011e-02
-9.069187566637992859e-03
-4.188404977321624756e-02
-2.050829306244850159e-02
-3.653420135378837585e-02
-6.391762290149927139e-03
-6.461562588810920715e-03
-2.099392749369144440e-02
-2.481853403151035309e-02
0.000000000000000000e+00
-4.882752522826194763e-02
-9.305824525654315948e-03
-2.819168195128440857e-02
-2.577848173677921295e-02
-3.208717331290245056e-02
-1.242929697036743164e-01
-2.063559368252754211e-02
-1.866141217760741711e-03
-6.686623394489288330e-02
3.913200274109840393e-02
-1.157320290803909302e-01
0.000000000000000000e+00
-4.024344310164451599e-02
-9.693890810012817383e-03
-1.103758439421653748e-01
1.411682367324829102e-01
4.007707908749580383e-02
-1.134911179542541504e-02
0.000000000000000000e+00
0.000000000000000000e+00
2.230180799961090088e-02
5.888355895876884460e-02
-1.325929351150989532e-02
-8.001842349767684937e-02
4.079069476574659348e-03
-2.427903935313224792e-03
-7.188305258750915527e-02
-4.159174486994743347e-02
-7.304096966981887817e-02
-2.796031069010496140e-03
0.000000000000000000e+00
0.000000000000000000e+00
1.178253162652254105e-02
2.750604785978794098e-02
-5.185930803418159485e-02
-1.105084456503391266e-02
-5.000128969550132751e-02
-4.022820387035608292e-03
-1.201030518859624863e-02
3.043693117797374725e-02
4.177251085638999939e-02
-6.585268676280975342e-02
4.361610114574432373e-02
2.068616636097431183e-02
-1.918129809200763702e-02
-1.380881667137145996e-02
0.000000000000000000e+00
