9.360440075397491455e-02
9.920581430196762085e-02
9.648626297712326050e-02
1.165158003568649292e-01
9.707722812891006470e-02
9.231025725603103638e-02
1.049596145749092102e-01
9.678106755018234253e-02
9.871516376733779907e-02
1.021922752261161804e-01
9.855734556913375854e-02
9.948456287384033203e-02
9.968673437833786011e-02
9.847295284271240234e-02
1.001722738146781921e-01
1.000000014901161194e-01
9.668456763029098511e-02
9.858813136816024780e-02
9.462610632181167603e-02
9.716899693012237549e-02
1.093944013118743896e-01
9.077668190002441406e-02
9.999342262744903564e-02
9.988684952259063721e-02
9.953290224075317383e-02
9.676325321197509766e-02
1.062189266085624695e-01
1.006680950522422791e-01
9.794337302446365356e-02
1.026468724012374878e-01
1.042815297842025757e-01
1.026966497302055359e-01
1.052043214440345764e-01
1.000000014901161194e-01
9.985511004924774170e-02
1.071054562926292419e-01
1.025300174951553345e-01
1.010211408138275146e-01
8.842265605926513672e-02
1.020872071385383606e-01
9.973070025444030762e-02
9.137227386236190796e-02
9.198089689016342163e-02
1.032002195715904236e-01
1.004008054733276367e-01
1.048332527279853821e-01
1.038404181599617004e-01
9.860987961292266846e-02
9.450171142816543579e-02
9.804050624370574951e-02
1.060810089111328125e-01
9.800762683153152466e-02
9.648563712835311890e-02
9.659527987241744995e-02
9.947901964187622070e-02
9.587620198726654053e-02
1.223107650876045227e-01
1.143272817134857178e-01
9.906660020351409912e-02
9.664776176214218140e-02
1.145843863487243652e-01
1.028238609433174133e-01
1.064108163118362427e-01
9.872860461473464966e-02
9.621990472078323364e-02
9.181136637926101685e-02
9.984090179204940796e-02
1.000000014901161194e-01
1.167770251631736755e-01
1.019251197576522827e-01
1.014725863933563232e-01
9.292577952146530151e-02
9.995388984680175781e-02
9.889594465494155884e-02
1.042916998267173767e-01
1.043085753917694092e-01
9.856572747230529785e-02
9.808735549449920654e-02
1.022331565618515015e-01
9.778726100921630859e-02
9.582488238811492920e-02
1.060028672218322754e-01
9.419307112693786621e-02
9.371733665466308594e-02
1.012159213423728943e-01
9.692538529634475708e-02
1.017338484525680542e-01
8.254984021186828613e-02
9.710609912872314453e-02
9.281840920448303223e-02
1.033315137028694153e-01
1.000186651945114136e-01
1.137141957879066467e-01
9.620162844657897949e-02
1.045059561729431152e-01
8.732980489730834961e-02
9.335819631814956665e-02
1.018721088767051697e-01
1.014360189437866211e-01
9.760425984859466553e-02
1.072835549712181091e-01
9.828173369169235229e-02
9.889132529497146606e-02
9.685118496417999268e-02
9.551260620355606079e-02
9.832061827182769775e-02
9.572973102331161499e-02
9.888195246458053589e-02
9.908199310302734375e-02
1.309381276369094849e-01
1.023401767015457153e-01
9.865704178810119629e-02
9.395667910575866699e-02
9.474931657314300537e-02
1.026664599776268005e-01
9.581088274717330933e-02
8.886025100946426392e-02
1.020567268133163452e-01
1.053997650742530823e-01
1.012199297547340393e-01
1.045809611678123474e-01
9.796823561191558838e-02
8.628959208726882935e-02
9.622532874345779419e-02
9.967377781867980957e-02
9.886495023965835571e-02
9.881228953599929810e-02
9.627568721771240234e-02
9.911228716373443604e-02
1.017069444060325623e-01
9.985263645648956299e-02
8.930724859237670898e-02
9.707604348659515381e-02
9.267388284206390381e-02
9.790930151939392090e-02
9.893902391195297241e-02
1.072383970022201538e-01
1.018132865428924561e-01
8.703146874904632568e-02
9.160241484642028809e-02
1.028846427798271179e-01
9.846682101488113403e-02
1.251717209815979004e-01
9.060333669185638428e-02
9.820760041475296021e-02
8.677389472723007202e-02
8.293176442384719849e-02
1.056642308831214905e-01
9.927820414304733276e-02
9.091959893703460693e-02
1.114677041769027710e-01
9.972554445266723633e-02
9.713770449161529541e-02
1.011876314878463745e-01
1.077848374843597412e-01
1.064387485384941101e-01
1.123278215527534485e-01
9.692720323801040649e-02
1.012246608734130859e-01
9.912626445293426514e-02
1.052902564406394958e-01
1.022419631481170654e-01
7.611791789531707764e-02
9.849421679973602295e-02
8.328348398208618164e-02
9.765332937240600586e-02
9.780146926641464233e-02
1.000000014901161194e-01
1.011675298213958740e-01
1.023412495851516724e-01
9.869342297315597534e-02
9.922374039888381958e-02
1.047158539295196533e-01
1.091918274760246277e-01
1.043008044362068176e-01
9.902495890855789185e-02
9.298238903284072876e-02
9.691178798675537109e-02
9.564441442489624023e-02
8.905348926782608032e-02
1.002730652689933777e-01
9.555765241384506226e-02
1.028851345181465149e-01
1.027443185448646545e-01
1.094788536429405212e-01
1.031781062483787537e-01
9.508368372917175293e-02
1.019765138626098633e-01
9.947512298822402954e-02
9.972982853651046753e-02
1.020776331424713135e-01
1.014751642942428589e-01
1.006167083978652954e-01
8.402845263481140137e-02
1.048681288957595825e-01
9.840796887874603271e-02
9.983096271753311157e-02
1.025133058428764343e-01
1.019086465239524841e-01
1.011472269892692566e-01
1.118063777685165405e-01
9.372711181640625000e-02
9.398844838142395020e-02
1.001902744174003601e-01
1.001499742269515991e-01
1.011751517653465271e-01
9.453455358743667603e-02
9.857153147459030151e-02
9.863051772117614746e-02
9.602115303277969360e-02
9.601674228906631470e-02
1.019037514925003052e-01
9.694620966911315918e-02
1.037461683154106140e-01
1.041870266199111938e-01
1.047260612249374390e-01
1.000000014901161194e-01
1.111521571874618530e-01
9.993182122707366943e-02
9.896633774042129517e-02
9.841865301132202148e-02
1.032968014478683472e-01
9.552126377820968628e-02
9.486766904592514038e-02
9.195675700902938843e-02
1.020979657769203186e-01
9.826179593801498413e-02
9.992834180593490601e-02
9.495805203914642334e-02
1.038437485694885254e-01
9.831006824970245361e-02
9.179716557264328003e-02
9.471103549003601074e-02
9.908252209424972534e-02
9.923353046178817749e-02
1.035460680723190308e-01
9.683487564325332642e-02
1.011081039905548096e-01
9.139140695333480835e-02
9.834277629852294922e-02
9.973023086786270142e-02
1.062673181295394897e-01
1.124233901500701904e-01
9.843873232603073120e-02
1.091981157660484314e-01
1.056612059473991394e-01
1.052429750561714172e-01
9.809762239456176758e-02
1.221599802374839783e-01
1.020658910274505615e-01
9.559869766235351562e-02
9.522987157106399536e-02
1.031747162342071533e-01
9.951884299516677856e-02
9.630537778139114380e-02
9.892743080854415894e-02
9.223461151123046875e-02
1.048062294721603394e-01
9.664158523082733154e-02
1.020346209406852722e-01
1.018350347876548767e-01
9.664233773946762085e-02
1.037732884287834167e-01
9.397895634174346924e-02
1.026631817221641541e-01
1.041006147861480713e-01
9.710828959941864014e-02
9.357117861509323120e-02
9.707482904195785522e-02
1.016656234860420227e-01
1.138232052326202393e-01
9.182161092758178711e-02
1.171253919601440430e-01
1.080589368939399719e-01
9.319949150085449219e-02
1.000000014901161194e-01
1.064782962203025818e-01
9.837787598371505737e-02
1.051702424883842468e-01
9.835892915725708008e-02
1.193165630102157593e-01
9.636987745761871338e-02
1.008452177047729492e-01
1.023786365985870361e-01
8.131178468465805054e-02
1.014638319611549377e-01
1.049686074256896973e-01
9.391177445650100708e-02
1.046019122004508972e-01
9.281644970178604126e-02
9.466204792261123657e-02
9.192007780075073242e-02
9.818446636199951172e-02
9.895241260528564453e-02
9.399685263633728027e-02
1.046408042311668396e-01
1.010057255625724792e-01
1.001266464591026306e-01
1.046895161271095276e-01
1.041605919599533081e-01
9.701374918222427368e-02
1.326371282339096069e-01
1.043506115674972534e-01
9.880162775516510010e-02
1.055288314819335938e-01
9.700483828783035278e-02
9.455391764640808105e-02
1.038134694099426270e-01
9.441567957401275635e-02
9.696669876575469971e-02
9.788357466459274292e-02
9.866312146186828613e-02
1.065273955464363098e-01
1.028234586119651794e-01
1.064147725701332092e-01
9.730441868305206299e-02
1.022158637642860413e-01
9.817148745059967041e-02
9.083937853574752808e-02
9.733394533395767212e-02
9.800132364034652710e-02
9.945877641439437866e-02
1.005806773900985718e-01
9.789285063743591309e-02
9.828893840312957764e-02
9.687479585409164429e-02
1.062333658337593079e-01
1.025139987468719482e-01
1.001467704772949219e-01
1.023774221539497375e-01
9.960231184959411621e-02
1.042330637574195862e-01
1.007114797830581665e-01
1.011869609355926514e-01
1.036132499575614929e-01
1.019734293222427368e-01
1.035879626870155334e-01
1.008372157812118530e-01
1.020486205816268921e-01
1.110106110572814941e-01
9.778009355068206787e-02
1.015558466315269470e-01
9.785782545804977417e-02
8.921111375093460083e-02
9.429812431335449219e-02
9.860888123512268066e-02
1.055670753121376038e-01
1.031552925705909729e-01
9.705042093992233276e-02
1.049980372190475464e-01
1.023909673094749451e-01
9.754856675863265991e-02
9.416190534830093384e-02
9.980339556932449341e-02
1.384003758430480957e-01
1.076725348830223083e-01
9.919491410255432129e-02
9.922431409358978271e-02
7.846538722515106201e-02
1.032147333025932312e-01
1.218352392315864563e-01
9.557726979255676270e-02
1.015563830733299255e-01
1.060526445508003235e-01
1.054142341017723083e-01
9.630745649337768555e-02
9.228171408176422119e-02
9.854566305875778198e-02
9.777317941188812256e-02
9.775874018669128418e-02
9.841819107532501221e-02
9.589678794145584106e-02
9.003267437219619751e-02
1.022075712680816650e-01
9.788829833269119263e-02
1.032959818840026855e-01
9.785450994968414307e-02
1.036215871572494507e-01
1.026831120252609253e-01
1.007474809885025024e-01
1.030790135264396667e-01
9.727157652378082275e-02
1.157140657305717468e-01
9.773080796003341675e-02
9.647579491138458252e-02
9.720125794410705566e-02
1.015656590461730957e-01
1.021247506141662598e-01
9.595660865306854248e-02
9.519429504871368408e-02
9.523427486419677734e-02
1.001889407634735107e-01
9.853495657444000244e-02
1.005108058452606201e-01
1.103020980954170227e-01
1.018516272306442261e-01
1.046053767204284668e-01
9.646431356668472290e-02
9.841894358396530151e-02
9.989716112613677979e-02
9.922228753566741943e-02
9.716232120990753174e-02
9.817849844694137573e-02
1.000000014901161194e-01
1.045776754617691040e-01
9.620247781276702881e-02
1.036216914653778076e-01
9.397970885038375854e-02
9.847889840602874756e-02
9.976720809936523438e-02
1.002660170197486877e-01
1.025376021862030029e-01
1.000847443938255310e-01
9.818800538778305054e-02
1.062106415629386902e-01
9.459714591503143311e-02
9.707918018102645874e-02
1.034353747963905334e-01
9.854183346033096313e-02
1.064014509320259094e-01
1.024525389075279236e-01
1.008496508002281189e-01
1.132220178842544556e-01
9.955722838640213013e-02
9.750062227249145508e-02
9.994983673095703125e-02
9.992677718400955200e-02
1.052801683545112610e-01
1.011646240949630737e-01
1.205140128731727600e-01
9.691417217254638672e-02
1.033134460449218750e-01
1.095633432269096375e-01
9.587169438600540161e-02
1.028121858835220337e-01
9.902846813201904297e-02
8.168743550777435303e-02
1.040675193071365356e-01
1.169587820768356323e-01
9.827689826488494873e-02
1.120410636067390442e-01
1.074333339929580688e-01
1.136795580387115479e-01
9.531078487634658813e-02
1.070517301559448242e-01
9.925995022058486938e-02
1.015650108456611633e-01
1.032724753022193909e-01
9.946697205305099487e-02
9.992276132106781006e-02
1.001103669404983521e-01
1.055879816412925720e-01
1.013355255126953125e-01
9.837846457958221436e-02
9.485163539648056030e-02
1.194625496864318848e-01
9.609358012676239014e-02
1.018971577286720276e-01
1.192285940051078796e-01
1.017724201083183289e-01
9.840536862611770630e-02
1.057474911212921143e-01
9.737243503332138062e-02
9.448175132274627686e-02
1.026955768465995789e-01
9.784121066331863403e-02
1.015518456697463989e-01
1.025741398334503174e-01
1.021601855754852295e-01
9.508195519447326660e-02
1.084180474281311035e-01
1.092504039406776428e-01
9.511931240558624268e-02
9.858423471450805664e-02
9.834998100996017456e-02
9.947218745946884155e-02
1.093727350234985352e-01
9.556684643030166626e-02
1.067046374082565308e-01
1.009673699736595154e-01
9.967205673456192017e-02
1.041801944375038147e-01
9.449634701013565063e-02
8.765183389186859131e-02
1.146509125828742981e-01
1.001065447926521301e-01
1.078380197286605835e-01
1.085403487086296082e-01
9.115652740001678467e-02
8.936435729265213013e-02
1.071695238351821899e-01
1.208848729729652405e-01
9.191773086786270142e-02
1.006369814276695251e-01
9.835250675678253174e-02
9.750410914421081543e-02
1.039124503731727600e-01
1.237966343760490417e-01
1.048767045140266418e-01
9.587809443473815918e-02
1.028387472033500671e-01
1.150765940546989441e-01
1.095508933067321777e-01
1.001966074109077454e-01
9.796353429555892944e-02
9.297700226306915283e-02
1.027671173214912415e-01
1.020940542221069336e-01
9.600583463907241821e-02
1.071769669651985168e-01
9.891338646411895752e-02
1.009501740336418152e-01
1.008682623505592346e-01
1.025431603193283081e-01
9.995043277740478516e-02
1.015933379530906677e-01
9.934768080711364746e-02
1.000000014901161194e-01
1.003071889281272888e-01
1.040239408612251282e-01
8.990080654621124268e-02
9.824682027101516724e-02
1.039476245641708374e-01
9.940765053033828735e-02
9.574383497238159180e-02
9.367063641548156738e-02
1.013720706105232239e-01
1.254596859216690063e-01
1.021980419754981995e-01
9.638306498527526855e-02
1.223326697945594788e-01
1.060607433319091797e-01
1.014661937952041626e-01
9.859586507081985474e-02
9.795099496841430664e-02
9.723553806543350220e-02
8.336336910724639893e-02
9.809705615043640137e-02
9.881792962551116943e-02
9.532349556684494019e-02
1.045611873269081116e-01
1.000000014901161194e-01
1.221259534358978271e-01
1.012726426124572754e-01
1.043280959129333496e-01
1.194348111748695374e-01
9.843037277460098267e-02
9.875006973743438721e-02
1.313668936491012573e-01
9.556338936090469360e-02
1.092154979705810547e-01
9.941717982292175293e-02
9.450563043355941772e-02
9.647018462419509888e-02
9.888082742691040039e-02
9.711711108684539795e-02
9.769155085086822510e-02
1.062131449580192566e-01
9.645221382379531860e-02
9.480188041925430298e-02
1.017537713050842285e-01
1.006879955530166626e-01
1.394948363304138184e-01
1.079471707344055176e-01
9.298969805240631104e-02
9.903632104396820068e-02
1.026976257562637329e-01
1.001276671886444092e-01
1.046172231435775757e-01
9.910079091787338257e-02
9.713233262300491333e-02
9.792055189609527588e-02
1.000279709696769714e-01
1.034994199872016907e-01
1.001712158322334290e-01
1.021916344761848450e-01
9.735612571239471436e-02
9.851555526256561279e-02
1.016538664698600769e-01
1.102984696626663208e-01
1.087650656700134277e-01
9.931676834821701050e-02
9.934389591217041016e-02
1.004116088151931763e-01
1.006587296724319458e-01
9.764957427978515625e-02
1.005937978625297546e-01
1.196860894560813904e-01
9.683228284120559692e-02
1.019593030214309692e-01
9.658630937337875366e-02
1.034706532955169678e-01
9.391356259584426880e-02
7.944416254758834839e-02
1.095146834850311279e-01
9.881746023893356323e-02
1.007436513900756836e-01
9.059517830610275269e-02
1.005840450525283813e-01
1.006053462624549866e-01
1.076497137546539307e-01
9.528139233589172363e-02
9.641104191541671753e-02
1.348845958709716797e-01
9.781398624181747437e-02
9.899046272039413452e-02
9.772058576345443726e-02
1.202161908149719238e-01
1.033138781785964966e-01
1.092216223478317261e-01
1.041781455278396606e-01
9.732744097709655762e-02
9.704068303108215332e-02
1.027058586478233337e-01
9.831535816192626953e-02
9.545225650072097778e-02
1.052094921469688416e-01
9.866253286600112915e-02
9.577234834432601929e-02
1.019686758518218994e-01
9.934800863265991211e-02
8.495558798313140869e-02
1.034617125988006592e-01
1.019762679934501648e-01
9.668689221143722534e-02
9.975855797529220581e-02
9.739736467599868774e-02
1.053521558642387390e-01
9.793865680694580078e-02
9.819823503494262695e-02
1.001928374171257019e-01
1.009187698364257812e-01
1.023526266217231750e-01
9.884680062532424927e-02
9.797947853803634644e-02
9.857947379350662231e-02
1.123971864581108093e-01
9.880702197551727295e-02
9.635045379400253296e-02
9.169652312994003296e-02
9.717191755771636963e-02
1.015266180038452148e-01
9.888330101966857910e-02
9.545894712209701538e-02
9.523852914571762085e-02
8.736798167228698730e-02
9.811566025018692017e-02
9.823781251907348633e-02
9.898460656404495239e-02
9.867538511753082275e-02
1.014383733272552490e-01
9.959885478019714355e-02
9.570342302322387695e-02
9.498575329780578613e-02
9.405916929244995117e-02
1.034239009022712708e-01
1.027358472347259521e-01
9.076350927352905273e-02
9.881126135587692261e-02
9.394005686044692993e-02
1.028834059834480286e-01
9.627027809619903564e-02
8.730510622262954712e-02
8.659675717353820801e-02
1.073194444179534912e-01
1.046041175723075867e-01
9.807948023080825806e-02
9.822246432304382324e-02
1.001595482230186462e-01
1.017718091607093811e-01
9.401640295982360840e-02
1.005392074584960938e-01
9.768299013376235962e-02
1.047317162156105042e-01
9.697801619768142700e-02
1.063756346702575684e-01
1.032203733921051025e-01
1.000000014901161194e-01
9.673038870096206665e-02
1.001123785972595215e-01
9.924606978893280029e-02
9.810163080692291260e-02
8.981841802597045898e-02
1.013520136475563049e-01
9.313216805458068848e-02
9.839668124914169312e-02
1.027041822671890259e-01
1.021233871579170227e-01
9.860770404338836670e-02
9.599083662033081055e-02
1.009055599570274353e-01
1.103722304105758667e-01
9.601345658302307129e-02
9.887782484292984009e-02
1.015815585851669312e-01
1.051551401615142822e-01
1.003911718726158142e-01
1.027010083198547363e-01
1.098402664065361023e-01
9.962134063243865967e-02
1.012125015258789062e-01
9.518028795719146729e-02
1.049267873167991638e-01
1.002168878912925720e-01
9.290565550327301025e-02
1.062717363238334656e-01
1.024546921253204346e-01
1.005018055438995361e-01
1.024797186255455017e-01
9.437094628810882568e-02
9.673558920621871948e-02
9.904029220342636108e-02
9.748262166976928711e-02
1.299997419118881226e-01
1.057713553309440613e-01
1.040201187133789062e-01
1.042181104421615601e-01
1.035584285855293274e-01
9.676713496446609497e-02
9.856797009706497192e-02
1.000000014901161194e-01
9.259742498397827148e-02
9.863907843828201294e-02
9.850116819143295288e-02
1.035771295428276062e-01
1.036544367671012878e-01
1.166582778096199036e-01
9.996872395277023315e-02
9.732005000114440918e-02
1.007121354341506958e-01
9.941121190786361694e-02
1.001109629869461060e-01
1.004759967327117920e-01
9.280189871788024902e-02
1.018644347786903381e-01
1.310258507728576660e-01
1.009120270609855652e-01
1.001357585191726685e-01
1.025575026869773865e-01
1.013680472970008850e-01
1.023336499929428101e-01
9.954372793436050415e-02
1.005392819643020630e-01
1.103722229599952698e-01
9.541209787130355835e-02
9.751464426517486572e-02
1.033961847424507141e-01
1.026417091488838196e-01
1.000088527798652649e-01
1.015266254544258118e-01
1.020712628960609436e-01
1.171866953372955322e-01
9.666860848665237427e-02
9.783554077148437500e-02
9.700912982225418091e-02
1.016561016440391541e-01
8.765440434217453003e-02
1.121079400181770325e-01
1.002476885914802551e-01
1.017292439937591553e-01
1.006390824913978577e-01
9.786187112331390381e-02
9.827116876840591431e-02
1.031122207641601562e-01
1.203824505209922791e-01
1.027016490697860718e-01
1.000965684652328491e-01
1.008329689502716064e-01
1.011342778801918030e-01
1.020168066024780273e-01
9.951232373714447021e-02
1.001615598797798157e-01
1.012230888009071350e-01
9.781195223331451416e-02
9.997940808534622192e-02
9.493296593427658081e-02
1.040241122245788574e-01
8.134185522794723511e-02
9.398421645164489746e-02
9.887507557868957520e-02
9.741332381963729858e-02
1.049526333808898926e-01
1.039771363139152527e-01
1.035358905792236328e-01
1.075614988803863525e-01
9.412687271833419800e-02
9.720909595489501953e-02
1.048920080065727234e-01
9.881140291690826416e-02
8.553957939147949219e-02
9.966778755187988281e-02
9.416986256837844849e-02
9.492510557174682617e-02
1.009665802121162415e-01
1.097854822874069214e-01
9.898386895656585693e-02
9.705772995948791504e-02
1.044968292117118835e-01
9.946368634700775146e-02
9.334661811590194702e-02
1.057169437408447266e-01
8.893263339996337891e-02
9.837403148412704468e-02
1.045843884348869324e-01
9.421506524085998535e-02
9.914155304431915283e-02
1.007764190435409546e-01
1.014264151453971863e-01
1.017636135220527649e-01
9.824394434690475464e-02
1.086920946836471558e-01
1.000786796212196350e-01
9.816771000623703003e-02
9.858570247888565063e-02
1.032908186316490173e-01
1.003863960504531860e-01
9.927284717559814453e-02
9.596833586692810059e-02
1.029833853244781494e-01
1.011067181825637817e-01
1.018484011292457581e-01
1.060135662555694580e-01
1.010168567299842834e-01
9.653735160827636719e-02
9.699715673923492432e-02
1.035521775484085083e-01
9.727189689874649048e-02
1.049527674913406372e-01
1.000000014901161194e-01
1.022350862622261047e-01
1.021751388907432556e-01
8.222614228725433350e-02
9.886810928583145142e-02
1.012331992387771606e-01
8.637475967407226562e-02
8.435944467782974243e-02
9.694791585206985474e-02
9.833727031946182251e-02
1.000000014901161194e-01
9.898594766855239868e-02
9.974154084920883179e-02
9.982321411371231079e-02
1.011611074209213257e-01
1.035258173942565918e-01
1.024005711078643799e-01
9.998327493667602539e-02
1.078065782785415649e-01
1.044680774211883545e-01
1.040666326880455017e-01
8.593510836362838745e-02
9.926759451627731323e-02
9.890834987163543701e-02
1.005483865737915039e-01
9.766706079244613647e-02
1.041321456432342529e-01
1.017637699842453003e-01
1.043505817651748657e-01
9.482519328594207764e-02
1.043614968657493591e-01
1.289405673742294312e-01
1.037993133068084717e-01
9.888868778944015503e-02
1.000069230794906616e-01
9.984075278043746948e-02
1.029078364372253418e-01
8.680628985166549683e-02
1.111207008361816406e-01
9.855134040117263794e-02
1.054295897483825684e-01
1.005586832761764526e-01
1.154101490974426270e-01
9.847071021795272827e-02
1.022251024842262268e-01
9.731750935316085815e-02
1.000151634216308594e-01
1.139329150319099426e-01
1.036786809563636780e-01
9.566778689622879028e-02
1.085239425301551819e-01
1.162524148821830750e-01
9.616760909557342529e-02
9.985075145959854126e-02
9.938986599445343018e-02
9.838639199733734131e-02
1.012404710054397583e-01
1.067422479391098022e-01
1.007057949900627136e-01
1.041867285966873169e-01
9.688799083232879639e-02
9.619572013616561890e-02
8.840151131153106689e-02
1.002569794654846191e-01
9.590756893157958984e-02
9.402556717395782471e-02
1.105661615729331970e-01
9.011246263980865479e-02
1.013038456439971924e-01
1.043899431824684143e-01
1.095061302185058594e-01
1.007649302482604980e-01
1.002936959266662598e-01
1.007948741316795349e-01
9.649574011564254761e-02
1.016879677772521973e-01
1.001924276351928711e-01
9.576389193534851074e-02
9.661227464675903320e-02
1.001929268240928650e-01
1.029346659779548645e-01
7.564449310302734375e-02
9.030652046203613281e-02
9.670022130012512207e-02
9.920989722013473511e-02
1.040329337120056152e-01
9.604451060295104980e-02
9.886345267295837402e-02
9.747146815061569214e-02
1.053903922438621521e-01
1.022985801100730896e-01
1.031473204493522644e-01
9.760919213294982910e-02
1.029297411441802979e-01
9.936785697937011719e-02
9.956493228673934937e-02
9.849976748228073120e-02
9.872186928987503052e-02
9.657832980155944824e-02
9.709922224283218384e-02
1.027684137225151062e-01
8.962901681661605835e-02
1.036818623542785645e-01
1.030051037669181824e-01
1.071217805147171021e-01
1.019754633307456970e-01
9.907064586877822876e-02
9.478966146707534790e-02
1.067047193646430969e-01
1.024655699729919434e-01
9.777586907148361206e-02
1.076979711651802063e-01
1.021392121911048889e-01
1.026304885745048523e-01
1.063445135951042175e-01
1.006334871053695679e-01
1.107446849346160889e-01
1.005447208881378174e-01
9.210246801376342773e-02
1.064491793513298035e-01
1.002734676003456116e-01
1.013675406575202942e-01
9.280181676149368286e-02
1.010897010564804077e-01
1.007261201739311218e-01
1.083886027336120605e-01
9.951162338256835938e-02
1.008607596158981323e-01
8.984940499067306519e-02
1.016421541571617126e-01
9.883019328117370605e-02
1.015239879488945007e-01
1.038245335221290588e-01
9.607099741697311401e-02
1.026612296700477600e-01
1.033966392278671265e-01
1.020597517490386963e-01
9.686882048845291138e-02
9.798479080200195312e-02
1.081832125782966614e-01
1.038988828659057617e-01
9.366463869810104370e-02
1.014532148838043213e-01
1.027691215276718140e-01
9.968638420104980469e-02
9.455548971891403198e-02
9.883788973093032837e-02
1.202519610524177551e-01
8.995400369167327881e-02
9.321004152297973633e-02
9.739393740892410278e-02
9.587806463241577148e-02
9.377048909664154053e-02
1.002264618873596191e-01
1.076793074607849121e-01
1.035625338554382324e-01
1.016517952084541321e-01
9.866028279066085815e-02
9.859830886125564575e-02
1.029884815216064453e-01
1.043850705027580261e-01
9.668261557817459106e-02
9.436039626598358154e-02
9.831581264734268188e-02
1.107509732246398926e-01
9.435975551605224609e-02
9.619875252246856689e-02
1.067389845848083496e-01
1.034824997186660767e-01
1.015187650918960571e-01
9.668337553739547729e-02
9.982208907604217529e-02
